0.223
0.218
0.1
1
14
0
1
0
0
14
0
0
0
0
0
0
0
0
2
0
1
0
0
0
0
1
1
1
0
0
0
0
0
0.1
1
1
1
1
1
0.1
1
0.1
0.1
0.1
1
0.1
0
0.1
1
0.1
0.2
1
12
0
1
0
0
14
0
1
0
0
0
0
20
35
1
0
1
0
0
0
0
1
1
1
0
0
0
0
0
0.1
1
6
1
3
1
0.15
5
0.35
0.5
0
1
3
0
0
0
5
0.4
1
13
0
1
0
0
14
0
5
0
0
0
0
0
36
2
0
1
0
0
0
0
1
1
1
0
0
0
0
0
0.2
1
8
0
1
1
0.2
2
0.3
1
0
1
0.5
0
0
1
0.2
0.7
1
11
0
1
1
0
14
0
3
0
0
0
0
20
37
3
0
1
0
0
0
0
1
1
1
0
0
0
0
0
0.25
1
5.5
4
4.5
4.5
0.25
35
0.8
0.3
150
9
0.5
0
0
3
8
0.3
1
12
0
1
1
0
14
0
4
0
0
0
0
0
4
2
0
1
0
0
0
0
1
1
1
0
0
0
0
0
0.1
2
7
-4
2
2
0.1
3
0.3
20
0
2
1
0
0.1
0
5
5
-3
2
2
0.1
3
0.3
20
0
2
1
0
0
0
5
0.6
1
13
0
1
1
0
14
0
5
0
0
0
0
10
36
2
0
1
0
0
0
0
1
1
1
0
0
0
0
0
0.15
3
8
-3
1
1
0.2
8
0.4
0.5
20
2
0.7
0
0.1
1
6
6
-3
1
2
0.2
8
0.4
0.5
20
2
0.7
0
0
1
6
3.51
-3
1.5
3
0.2
8
0.4
0.5
20
2
0.7
0
0
1
6
0.6
1
11
0
1
0
0
14
0
6
1
-5
-20
0
0
37
2
0
1
0
0
0
0
1
1
1
0
0
0
0
0
0.4
1
8
2.5
4
2
0.2
20
0.5
60
0
0
0.3
0
0
2
15
0.3
1
12
0
0
0
0
14
0
7
0
0
0
0
30
35
3
0
0
0
0
0
0
1
1
1
0
0
0
0
0
0.1
1
4
2
3
2
0.3
10
0.4
20
20
0
0
0
0
0
5
0.5
1
13
0
0
0
0
14
0
8
0
0
0
0
30
36
3
0
0
0
0
0
0
1
1
1
0
0
0
0
0
0.2
1
5
0
3
3
0.2
15
0.4
2
40
0
0
0
0.1
1
8
0.5
1
11
0
0
0
0
14
0
9
0
0
0
0
0
9
4
0
1
0
0
0
0
1
1
1
0
0
0
0
0
0.15
1
3
-2
5
6
0.2
35
2.5
10
-200
4
1
0
0
3
15
0.5
1
11
0
0
1
0
20
0
10
0
0
0
0
0
10
3
0
0
0
0
0
0
1
1
1
0
0
0
0
0
0.25
1
2
5
5
5
0.2
25
0.6
-20
50
1
0.6
0
0
1
10
0.3
1
9
0
1
0
0
14
0
11
0
0
0
0
10
11
4
0
0
0
0
0
0
1
1
1
0
0
0
0
0
0.1
1
2
0
3
1
0.2
0.001
0
0
0
3
0
1
0.2
0
0
0.5
1
14
0
1
0
0
14
0
12
1
5
0
0
50
12
3
0
1
0
0
0
0
1
1
1
0
0
0
0
0
0.3
1
0
1
5
5
0.1
15
0.7
100
150
1
0
0
0
3
10
0.3
1
16
0
2
0
0
14
0
13
0
0
0
0
110
13
3
0
1
13
0
0
0
1.5
1.5
1.5
0
0
0
0
0
0.3
1
0
0
6
6
5
15
0.4
30
80
7
0
0
0
1
8
0.5
1
12
1
1
0
0
14
0
14
1
30
0
0
0
14
4
0.2
1
4
0
0
0
1
1
1
0
1
0
-90
1
0.2
1
4
3
2
2
5
10
0.5
30
20
6
0
0
0
0
3
0.8
1
13
1
1
0
0
14
0
15
1
15
0
0
0
15
4
0.3
1
6
0
0
0
1
1
1
0
1
0
-90
1
0.4
3
5
3
2
2
2
3
0.6
10
10
6
0
0
0
0
3
5
3
2
2
2
3
0.7
10
10
6
0
0
0
0
3
5
3
2
2
2
3
0.7
30
30
6
0
0
0
0
3
0.2
1
11
1
1
0
1
14
14
16
1
40
0
0
0
16
3
0.1
1
7
0
0
0
1.2
1.2
1.2
0
1
0
-90
1
0.1
1
5
3
3
3
3
20
0.8
-100
80
6
0
1
0
0
0
0.6
1
12
2
1
0
0
14
0
17
0
0
0
0
50
17
3
0
1
2
0
-3
0
2
3
3
0
0
0
0
0
0.2
2
0
1
8
1
0.5
20
0.6
200
60
1
0
0
0
3
4
0
0
3
4
0.5
8
0.6
20
20
1
0
0
0
1
15
0.8
1
13
2
1
0
0
14
0
18
0
0
0
0
130
18
4
0
1
2
0
-4
0
2
3
3
0
0
0
0
0
0.3
2
0
1
8
1
0.5
26
0.6
100
20
0
0
0
0
3
5
0
0
3
4
0.5
8
0.6
20
10
0
0
0
0
1
10
0.1
1
14
0
1
0
0
14
0
19
0
0
0
0
0
19
2
0
1
0
0
0
0
1
1
1
0
0
0
0
0
0.1
1
1
1
1
1
0.1
1
0.1
0.1
0.1
1
0.1
0
0.1
1
0.1
1.2
1
9
1
1
0
1
14
14
20
0
0
0
0
0
20
4
0
1
0
0
0
0
1
1
1
0
0
0
0
0
2
1
7
-1
6
5
1
100
1.3
-100
100
10
0
0
1
3
0
0.1
1
14
0
1
0
0
14
0
21
0
0
0
0
0
21
2
0
1
0
0
0
0
1
1
1
0
0
0
0
0
0.1
1
1
1
1
1
0.1
1
0.1
0.1
0.1
1
0.1
0
0.1
1
0.1
0.1
1
14
0
1
0
0
14
0
22
0
0
0
0
0
22
2
0
1
0
0
0
0
1
1
1
0
0
0
0
0
0.1
1
1
1
1
1
0.1
1
0.1
0.1
0.1
1
0.1
0
0.1
1
0.1
0.1
1
14
0
1
0
0
14
0
0
0
0
0
0
0
23
2
0
1
0
0
0
0
1
1
1
0
0
0
0
0
0.1
1
1
1
1
1
0.1
1
0.1
0.1
0.1
1
0.1
0
0.1
1
0.1
0.3
1
14
0
1
0
0
14
0
24
0
0
0
0
30
35
1
0
1
0
0
0
0
1
1
1
0
0
0
0
0
0.2
1
6
-2
3
2.5
0.1
13
0.5
30
0
1
1
0
0
0
5
0.7
1
14
0
1
0
0
14
0
25
0
0
0
0
40
25
3
0
1
0
0
0
0
1
1
1
0
0
0
0
0
0.15
1
5.5
4
4.5
4.5
0.25
30
0.8
0.3
100
9
0.5
0
0
3
10
0.1
1
12
1
0
0
0
14
0
14
0
0
0
0
0
26
2
0
0
4
0
0
0
1
1
1
0
0
0
0
0
0.1
1
1
1
1
1
0.1
1
0.1
0.1
0.1
1
0.1
0
0.1
1
0.1
0.1
1
14
0
1
0
0
14
0
25
0
0
0
0
0
25
2
0
1
0
0
0
0
1
1
1
0
0
0
0
0
0.1
1
1
1
1
1
0.1
1
0.1
0.1
0.1
1
0.1
0
0.1
1
0.1
0.1
1
14
0
1
0
0
14
0
25
0
0
0
0
0
25
2
0
1
0
0
0
0
1
1
1
0
0
0
0
0
0.1
1
1
1
1
1
0.1
1
0.1
0.1
0.1
1
0.1
0
0.1
1
0.1
0.6
1
12
2
0
0
0
14
0
29
0
0
0
0
50
29
3
0
1
2
0
-4
0
3
3
3
0
0
0
0
0
0.2
2
0
1
8
1
0.3
15
0.6
200
60
0
0
0
0
3
4
0.5
0
2
4
0.3
8
0.6
20
20
0
0
0
0
0
15
0.1
1
13
2
0
0
0
14
0
18
0
0
0
0
0
18
2
0
1
0
0
0
0
1
1
1
0
0
0
0
0
0.1
1
1
1
1
1
0.1
1
0.1
0.1
0.1
1
0.1
0
0.1
1
0.1
0.1
1
14
0
1
0
0
14
0
25
0
0
0
0
0
25
2
0
1
0
0
0
0
1
1
1
0
0
0
0
0
0.1
1
1
1
1
1
0.1
1
0.1
0.1
0.1
1
0.1
0
0.1
1
0.1
0.1
1
14
0
1
0
0
14
0
25
0
0
0
0
0
25
2
0
1
0
0
0
0
1
1
1
0
0
0
0
0
0.1
1
1
1
1
1
0.1
1
0.1
0.1
0.1
1
0.1
0
0.1
1
0.1
0.1
1
14
0
1
0
0
14
0
25
0
0
0
0
0
25
2
0
1
0
0
0
0
1
1
1
0
0
0
0
0
0.1
1
1
1
1
1
0.1
1
0.1
0.1
0.1
1
0.1
0
0.1
1
0.1
0
0
14
0
1
0
0
14
0
0
0
0
0
0
0
0
3
0
1
0
0
0
0
1
1
1
0
0
0
0
0
0.1
1
14
0
1
0
0
14
0
25
0
0
0
0
0
25
2
0
1
0
0
0
0
1
1
1
0
0
0
0
0
0.1
1
1
1
1
1
0.1
1
0.1
0.1
0.1
1
0.1
0
0.1
1
0.1
0.1
1
14
0
1
0
0
14
0
25
0
0
0
0
0
25
2
0
1
0
0
0
0
1
1
1
0
0
0
0
0
0.1
1
1
1
1
1
0.1
1
0.1
0.1
0.1
0
0.1
0
0.1
1
0.1
0.1
1
14
0
1
0
0
14
0
25
0
0
0
0
0
25
2
0
1
0
0
0
0
1
1
1
0
0
0
0
0
0.1
1
1
1
1
1
0.1
1
0.1
0.1
0.1
0
0.1
0
0.1
1
0.1
0.1
1
10
0
1
0
0
14
0
20
0
0
0
0
0
20
2
0
1
0
0
0
0
1
1
1
0
0
0
0
0
0.1
1
1
1
1
1
0.1
1
0.1
0.1
0.1
0
0.1
0
0.1
1
0.1
0.1
1
10
0
0
0
0
14
0
29
0
0
0
0
0
29
2
0
1
0
0
0
0
1
1
1
0
0
0
0
0
0.1
1
1
1
1
1
0.1
1
0.1
0.1
0.1
0
0.1
0
0.1
1
0.1
