0
2.371
3.017
2.9
0.215
5.579
3.219
3.219
0.215
5.579
3.004
2.9
0
2.79
3.004
3.219
0.432
6.009
2.897
3.004
2.45
3.89
3.219
3.219
-0.858
6.438
3.219
2.9
1.585
4.467
3.004
3.433
3.314
2.738
3.219
3.326
1.873
3.314
3.112
3.219
-1.931
5.579
3.219
2.9
2.79
2.79
2.468
2.9
-0.215
0
3.755
3.541
4.077
-1.502
3.219
3.219
0
0
2
2.9
-0.858
5.794
3.97
3.326
3.648
-1.931
3.219
3.433
-1.288
5.365
2.897
2.79
0
0
1
1
0
3.219
3.004
3.326
1.288
4.936
3.004
3.112
-1.873
3.004
3.219
3.219
-2.45
-1.585
3.433
3.112
0.72
1.873
3.219
3.219
-1.873
3.314
2.594
2.738
3.004
3.648
3.112
3.326
1.288
5.794
3.112
3.112
-1.288
3.863
3.219
3.004
-3.602
0.144
3.219
3.112
0.144
5.908
4.035
3.746
1.585
4.721
3.004
3.112
-1.297
5.15
2.897
3.219
0
0
3.219
2.897
2.161
4.077
3.004
3.004
1.873
4.292
3.219
3.004
2.161
4.077
3.112
3.004
0
5.365
3.219
3.004
0
6.009
3.112
3.004
0
0
1
1
1.073
4.936
3.112
3.004
0
0
1
1
0
0
1.4
0.8
0
-3.556
1.4
0.8
1.009
5.15
3.004
3.326
-1.297
-1.873
4.035
3.17
0
0
1.4
0.8
0
0
1.4
0.8
0
0
1.4
0.8
0
5.365
3.326
2.897
0
0
1.4
0.8
0
0
1.4
0.8
0
0
1.4
0.8
0
0
1.4
0.8
0
0
1.502
0.8
0
0
1.4
0.8
0
0
1.4
0.8
0
0
1.4
0.8
0
0
1.4
0.8
0
0
1.4
0.8
0
-0.215
2.146
3.004
0.432
-0.432
2.738
3.004
-0.429
-1.717
1.931
1.288
-0.429
0.215
1.717
3.112
0.432
0.432
2.738
3.112
1.009
-0.72
2.882
1.873
-0.644
1.073
1.717
3.004
0.432
0.215
3.026
2.682
1.009
-1.297
3.026
2.468
1.009
-1.297
3.026
2.79
-0.215
0.215
1.931
2.682
0.429
-1.073
2.253
2.146
0
0.429
2.361
2.361
-1.288
-2.146
2.682
2.039
-2.575
-7
1.073
1.073
0
0
2.361
3.112
-0.215
0
2.468
2.897
0
0
2.146
3.004
0
0
1
1
0
-0.858
2.146
1.931
0.432
-0.432
2.738
2.575
-1.009
-0.144
3.17
1.931
-0.144
0.432
3.89
4.179
0.644
-2.738
2.468
2.161
-0.72
-0.144
3.314
2.161
0
0
2.039
1.824
0
0.215
1.931
2.575
1.073
-0.429
3.112
1.824
-1.009
-2.45
3.314
2.738
0.144
-0.432
3.17
2.882
0.432
-0.644
2.882
2.361
-0.432
-0.429
2.738
2.594
0
0
3.755
3.541
0.432
-0.432
2.45
2.017
0.432
-0.432
2.017
2.361
0.432
-0.858
2.305
2.146
0
0
1.824
3.004
0
0
1.824
3.112
0
0
1
1
-1.288
0
2.682
2.146
0
0
1
1
0
0
1
1
0
0
1
1
0.432
-0.72
2.45
3.17
0
3.026
3.314
3.458
0
0
1
1
0
0
1
1
0
0
1
1
0
0
1.717
2.575
0
0
1
1
0
0
1
1
0
0
1
1
0
0
1
1
0
0
1
1
0
0
1
1
0
0
1
1
0
0
1
1
0
0
1
1
0
0
1
1
0
-3.648
2.253
1.073
0.432
-4.179
3.17
0.966
0
-3.863
1.717
1
-0.215
-3.863
2.361
1
0.432
-3.648
3.17
1
0.144
-3.602
3.89
1.297
0.644
-2.575
1.931
1.717
1.009
-3.89
3.026
1.585
-0.72
-3.314
3.314
1.502
1.009
-5.043
2.738
1.288
0.215
-3.219
2.253
1.395
-1.073
-3.219
2.682
1
1.288
0.429
1.824
1.824
-5.15
-2.361
1.288
1.824
0
0
1
1
0.429
-3.433
2.897
1.395
-3.433
1.502
1.824
2.468
0
-3.863
2.897
1
0
0
1
1
0
-3.219
2.468
1.288
0
-3.648
2.682
1
-1.009
-3.89
2.882
1.873
0.429
5.62
3.602
1.873
5.043
-3.314
2.45
1.729
-1.009
-3.314
3.314
1.009
-2.79
-1.073
1.288
2.253
-0.429
-3.004
2.253
1.073
5.15
0
1.288
2.146
2.161
-3.314
1.873
2.161
-0.432
-4.467
3.314
1.441
0
-3.648
3.314
1
4.179
-0.432
2.45
2.45
0
0
2.361
1.931
0.72
-3.433
2.468
1.18
0.72
-3.863
2.575
1.073
1.009
-3.433
2.468
1.073
0
-3.648
1.609
1
0
-3.648
2.039
1
0
0
1
1
-4.077
-2.146
1.717
1.609
0
0
1
1
0
0
1
1
0
0
1
1
4.179
-1.873
2.594
2.017
-0.144
7.061
3.602
1.585
0
0
1
1
0
0
1
1
0
0
1
1
0
-3.219
1.824
1
0
0
1
1
0
0
1
1
0
0
1
1
0
0
1
1
0
0
1
1
0
0
1
1
0
0
1
1
0
0
1
1
0
0
1
1
0
0
1
1
0
0
1
1
-3.026
-1.009
1
2.161
0
0
1
1
0
0
1
1
-3.026
-1.009
1
2.161
-2.738
-1.009
1
1.441
0
0
1
1
-3.314
-0.432
1
2.161
-2.738
-0.72
1
1.441
-3.026
-2.738
1.585
1.441
0
0
1
1
0
0
1
1
0
0
1
1
0
0
1
1
0
0
1
1
0
0
1
1
0
0
1
1
0
0
1
1
0
0
1
1
0
0
1
1
-3.026
-0.144
1.297
1.585
3.314
-2.738
3.17
2.017
3.89
3.89
3.602
3.746
-2.45
-3.026
0.865
1.873
3.314
-2.738
3.746
1.585
0
0
1
1
0
0
1
1
0
0
1
1
4.755
-5.043
4.035
2.594
-3.314
-3.026
1.153
1.297
-3.314
-1.009
1
1.729
-3.89
-0.72
1.729
1
0
0
1
1
-2.45
-2.45
1.441
1.873
-2.45
-1.873
1
2.305
-2.45
-2.161
1.009
2.738
0
0
1
1
0
0
1
1
0
0
1
1
0
0
1
1
0
0
1
1
0
0
1
1
0
0
1
1
-3.314
-1.009
1.873
2.45
4.467
3.602
3.314
3.17
0
0
1
1
0
0
1
1
0
0
1
1
0
0
1
1
0
0
1
1
0
0
1
1
0
0
1
1
0
0
1
1
0
0
1
1
0
0
1
1
0
0
1
1
0
0
1
1
0
0
1
1
0
0
1
1
