0.1
1
14
0
1
0
0.1
1
1
1
1
1
0.1
1
0.1
0.1
0.1
1
0.1
0
0.1
1
0.1
0.2
1
12
0
1
0
0.1
1
6
1
3
1
0.15
5
0.1
0
0
1
1
1
0
0
0
0.1
1
14
0
1
0
0.1
1
1
1
1
1
0.1
1
0.1
0.1
0.1
1
0.1
0
0.1
1
0.1
0.1
1
14
0
1
0
0.1
1
1
1
1
1
0.1
1
0.1
0.1
0.1
1
0.1
0
0.1
1
0.1
0.1
1
14
0
1
0
0.1
1
1
1
1
1
0.1
1
0.1
0.1
0.1
1
0.1
0
0.1
1
0.1
0.1
1
14
0
1
0
0.1
1
1
1
1
1
0.1
1
0.1
0.1
0.1
1
0.1
0
0.1
1
0.1
0.1
1
14
0
1
0
0.1
1
1
1
1
1
0.1
1
0.1
0.1
0.1
1
0.1
0
0.1
1
0.1
0.1
1
14
0
1
0
0.1
1
1
1
1
1
0.1
1
0.1
0.1
0.1
1
0.1
0
0.1
1
0.1
0.1
1
14
0
1
0
0.1
1
1
1
1
1
0.1
1
0.1
0.1
0.1
1
0.1
0
0.1
1
0.1
0.1
1
14
0
1
0
0.1
1
1
1
1
1
0.1
1
0.1
0.1
0.1
1
0.1
0
0.1
1
0.1
0.1
1
14
0
1
0
0.1
1
1
1
1
1
0.1
1
0.1
0.1
0.1
1
0.1
0
0.1
1
0.1
0.1
1
14
0
1
0
0.1
1
1
1
1
1
0.1
1
0.1
0.1
0.1
1
0.1
0
0.1
1
0.1
0.1
1
14
0
1
0
0.1
1
1
1
1
1
0.1
1
0.1
0.1
0.1
1
0.1
0
0.1
1
0.1
0.1
1
14
0
1
0
0.1
1
1
1
1
1
0.1
1
0.1
0.1
0.1
1
0.1
0
0.1
1
0.1
0.1
1
14
0
1
0
0.1
1
1
1
1
1
0.1
1
0.1
0.1
0.1
1
0.1
0
0.1
1
0.1
0.1
1
14
0
1
0
0.1
1
1
1
1
1
0.1
1
0.1
0.1
0.1
1
0.1
0
0.1
1
0.1
0.1
1
14
0
1
0
0.1
1
1
1
1
1
0.1
1
0.1
0.1
0.1
1
0.1
0
0.1
1
0.1
0.1
1
14
0
1
0
0.1
1
1
1
1
1
0.1
1
0.1
0.1
0.1
1
0.1
0
0.1
1
0.1
0.1
1
14
0
1
0
0.1
1
1
1
1
1
0.1
1
0.1
0.1
0.1
1
0.1
0
0.1
1
0.1
0.1
1
14
0
1
0
0.1
1
1
1
1
1
0.1
1
0.1
0.1
0.1
1
0.1
0
0.1
1
0.1
1.5
1
11
0
1
0
2
1
1
2
5
5
0.3
30
1
0
1
1
1
0
0
1
0.1
0.1
1
14
0
1
0
0.1
1
1
1
1
1
0.1
1
0.1
0.1
0.1
1
0.1
0
0.1
1
0.1
0.1
1
14
0
1
0
0.1
1
1
1
1
1
0.1
1
0.1
0.1
0.1
1
0.1
0
0.1
1
0.1
0.1
1
14
0
1
0
0.1
1
1
1
1
1
0.1
1
0.1
0.1
0.1
1
0.1
0
0.1
1
0.1
