0
0
2
2.9
0.215
5.579
3.219
3.219
0.215
5.579
3.004
2.9
0
2.79
3.004
3.219
0
5.794
2.897
3.004
-1.288
5.794
3.219
2.9
3.433
4.721
3.219
3.219
-0.858
6.438
3.219
2.9
0.644
6.223
3.004
3.433
1.502
6.009
3.219
3.326
0.215
6.223
3.112
3.219
-1.931
5.579
3.219
2.9
2.79
2.79
2.468
2.9
-0.215
0
3.755
3.541
4.077
-1.502
3.219
3.219
0
0
2
2.9
-1.717
5.794
3.326
3.326
3.648
-1.931
3.219
3.433
-1.288
5.365
2.897
2.79
0
0
1
1
0
3.219
3.004
3.326
1.288
4.936
3.004
3.112
0
0
1
1
0
0
1
1
0
0
1
1
0
0
1
1
0
0
1
1
0
0
1
1
0
0
1
1
0
0
1
1
0
0
1
1
0
0
1
1
0
0
1
1
0
0
1
1
0
0
1
1
0
0
1
1
0
0
1
1
0
0
1
1
0
0
1
1
0
0
1
1
0
0
1
1
0
0
1
1
0
0
1.4
0.8
0
-3.556
1.4
0.8
0
0
1.931
0.8
0
0
1.4
0.8
0
0
1.4
0.8
0
0
1.4
0.8
0
0
1.4
0.8
0
0
1.4
0.8
0
0
1.4
0.8
0
0
1.4
0.8
0
0
1.4
0.8
0
0
1.4
0.8
0
0
1.502
0.8
0
0
1.4
0.8
0
0
1.4
0.8
0
0
1.4
0.8
0
0
1.4
0.8
0
0
1.4
0.8
0
-0.215
2.146
3.004
-0.215
0.215
2.146
3.004
-0.429
-1.717
1.931
1.288
0
0
1.717
3.112
-0.429
0.215
1.717
3.112
1.288
-0.215
2.468
1.824
-0.644
1.073
1.717
3.004
0
0.215
2.146
2.682
0.644
0.429
2.361
2.468
0
0.429
2.039
2.79
-0.215
0.215
1.931
2.682
0.429
-1.073
2.253
2.146
0
0.429
2.361
2.361
-1.288
-2.146
2.682
2.039
-2.575
-7
1.073
1.073
0
0
2.361
3.112
-0.215
0
2.468
2.897
0
0
2.146
3.004
0
0
1
1
0
-0.858
2.146
1.931
0.215
-0.215
1.931
2.575
0
0
1
1
0
0
1
1
0
0
1
1
0
0
1
1
0
0
1
1
0
0
1
1
0
0
1
1
0
0
1
1
0
0
1
1
0
0
1
1
0
0
1
1
0
0
1
1
0
0
1
1
0
0
1
1
0
0
1
1
0
0
1
1
0
0
1
1
0
0
1
1
0
0
1
1
0
0
1
1
0
0
1
1
0
0
1
1
0
0
1
1
0
0
1
1
0
0
1
1
0
0
1
1
0
0
1
1
0
0
1
1
0
0
1
1
0
0
1
1
0
0
1
1
0
0
1
1
0
0
1
1
0
0
1
1
0
0
1
1
0
0
1
1
0
0
1
1
0
0
1
1
0
-3.648
2.253
1.073
-0.429
-3.648
2.468
0.966
0
-3.863
1.717
1
0
-3.863
1.931
1
-0.644
-3.648
2.468
1
0.215
-3.004
3.326
1
0.644
-2.575
1.931
1.717
0
-3.433
1.824
1.288
-0.644
-3.433
2.039
1.502
0
-3.433
1.931
1.288
0.215
-3.219
2.253
1.395
-1.073
-3.219
2.682
1
1.288
0.429
1.824
1.824
-5.15
-2.361
1.288
1.824
0
0
1
1
0.429
-3.433
2.897
1.395
-3.433
1.502
1.824
2.468
0
-3.863
2.897
1
0
0
1
1
0
-3.219
2.468
1.288
0
-3.648
2.682
1
0
0
1
1
0
0
1
1
0
0
1
1
0
0
1
1
0
0
1
1
0
0
1
1
0
0
1
1
0
0
1
1
0
0
1
1
0
0
1
1
0
0
1
1
0
0
1
1
0
0
1
1
0
0
1
1
0
0
1
1
0
0
1
1
0
0
1
1
0
0
1
1
0
0
1
1
0
0
1
1
0
0
1
1
0
0
1
1
0
0
1
1
0
0
1
1
0
0
1
1
0
0
1
1
0
0
1
1
0
0
1
1
0
0
1
1
0
0
1
1
0
0
1
1
0
0
1
1
0
0
1
1
0
0
1
1
0
0
1
1
0
0
1
1
0
0
1
1
